,0
0,8265.5556640625
1,8315.947265625
2,8467.0048828125
3,8310.6865234375
4,8367.728515625
5,8287.3310546875
6,8743.05859375
7,7993.3076171875
8,8180.578125
9,8204.1064453125
10,8468.3291015625
11,7885.21728515625
12,7997.2666015625
13,8065.97900390625
14,7920.1982421875
15,8132.52099609375
16,7805.2353515625
17,8022.68701171875
18,8027.33935546875
19,7761.26318359375
20,7485.59033203125
21,7226.87451171875
22,7257.15234375
23,6827.11572265625
24,6711.98828125
25,6148.49609375
26,5562.87939453125
27,4687.4150390625
28,3996.986328125
29,3225.30810546875
30,3055.0205078125
31,3518.499755859375
32,4060.82421875
33,3855.4560546875
34,3479.523193359375
35,3071.964599609375
36,2985.36572265625
37,2822.125244140625
38,3103.236083984375
39,3298.2998046875
40,3380.650390625
41,3348.218994140625
42,3260.088623046875
43,3207.82568359375
44,3075.600341796875
45,3028.43017578125
46,2784.166748046875
47,2824.1708984375
48,2889.0380859375
49,2970.507080078125
50,2970.384033203125
51,2944.3955078125
52,2878.30224609375
53,2785.903076171875
54,2829.12255859375
55,2838.57763671875
56,2812.494873046875
57,2861.833740234375
58,2873.613037109375
59,2824.987548828125
60,2820.59521484375
61,2691.347900390625
62,2758.64892578125
63,2744.245849609375
64,2685.982666015625
65,2771.791015625
66,2661.0771484375
67,2815.002197265625
68,2788.16552734375
69,2740.837158203125
70,2622.53369140625
71,2605.37451171875
72,2651.846923828125
73,2691.923583984375
74,2741.867431640625
75,2682.90771484375
76,2695.0283203125
77,2672.23681640625
78,2692.742919921875
79,2645.725341796875
80,2647.0634765625
81,2750.504638671875
82,2621.427734375
83,2566.06396484375
84,2744.172607421875
85,2720.854736328125
86,2675.78662109375
87,2629.66796875
88,2721.207275390625
89,2654.3232421875
90,2645.17041015625
91,2671.473388671875
92,2698.97802734375
93,2698.953857421875
94,2732.277587890625
95,2702.30615234375
96,2595.887939453125
97,2593.723876953125
98,2630.42431640625
99,2666.2998046875
100,2639.730224609375
101,2720.472900390625
102,2606.833740234375
103,2608.3466796875
104,2658.7548828125
105,2614.73486328125
106,2692.549072265625
107,2596.44140625
108,2632.40087890625
109,2585.0751953125
110,2630.517822265625
111,2715.47216796875
112,2645.043212890625
113,2581.992919921875
114,2721.611572265625
115,2652.761962890625
116,2676.34912109375
117,2628.341552734375
118,2646.45361328125
119,2584.761474609375
120,2587.535888671875
121,2542.357177734375
122,2638.197265625
123,2646.330078125
124,2582.0966796875
125,2662.422119140625
126,2521.226318359375
127,2565.2568359375
128,2608.05908203125
129,2461.169189453125
130,2594.422607421875
131,2536.79248046875
132,2540.451904296875
133,2542.421630859375
134,2570.9921875
135,2603.064208984375
136,2513.18212890625
137,2499.476806640625
138,2576.073486328125
139,2532.50146484375
140,2590.35107421875
141,2493.732177734375
142,2529.353759765625
143,2556.876708984375
144,2502.787109375
145,2529.096923828125
146,2484.56787109375
147,2538.353515625
148,2440.646728515625
149,2507.5947265625
150,2507.959716796875
151,2446.126220703125
152,2494.4755859375
153,2467.364990234375
154,2461.542236328125
155,2427.046142578125
156,2457.72705078125
157,2416.163818359375
158,2442.91650390625
159,2422.483154296875
160,2456.130615234375
161,2395.657470703125
162,2438.925048828125
163,2364.172119140625
164,2378.13720703125
165,2273.5537109375
166,2285.8056640625
167,2335.02587890625
168,2241.35986328125
169,2325.62158203125
170,2243.546142578125
171,2154.37109375
172,2205.494140625
173,2200.989013671875
174,2175.693603515625
175,2163.969482421875
176,2018.45703125
177,2060.045654296875
178,1946.2410888671875
179,1943.33935546875
180,1946.081787109375
181,1920.1962890625
182,1853.9722900390625
183,1800.4971923828125
184,1748.3189697265625
185,1781.51025390625
186,1754.9051513671875
187,1683.15576171875
188,1753.633544921875
189,1693.2254638671875
190,1756.107177734375
191,1821.4114990234375
192,1715.328125
193,1792.3958740234375
194,1760.1383056640625
195,1824.9100341796875
196,1725.520751953125
197,1794.315673828125
198,1728.6993408203125
199,1761.75537109375
200,1724.830078125
201,1826.99853515625
202,1820.6739501953125
203,1720.78857421875
204,1722.2767333984375
205,1699.9193115234375
206,1807.6976318359375
207,1732.677001953125
208,1734.1053466796875
209,1716.4715576171875
210,1710.8348388671875
211,1737.9324951171875
212,1732.3385009765625
213,1804.5364990234375
214,1704.752197265625
215,1754.865234375
216,1743.8131103515625
217,1773.4664306640625
218,1732.1217041015625
219,1691.3486328125
220,1697.3433837890625
221,1740.0650634765625
222,1730.4197998046875
223,1724.5367431640625
224,1685.487548828125
225,1699.200439453125
226,1719.8515625
227,1681.66259765625
228,1767.7713623046875
229,1680.2882080078125
230,1659.8251953125
231,1654.018310546875
232,1654.174072265625
233,1717.5015869140625
234,1673.8262939453125
235,1687.521484375
236,1691.2310791015625
237,1651.83154296875
238,1645.24169921875
239,1650.8048095703125
240,1710.790283203125
241,1723.916259765625
242,1656.3873291015625
243,1634.2364501953125
244,1741.149169921875
245,1629.62841796875
246,1699.9163818359375
247,1611.717041015625
248,1681.490478515625
249,1640.556396484375
250,1654.6644287109375
251,1674.664306640625
252,1696.4080810546875
253,1674.509765625
254,1640.101806640625
255,1645.344482421875
256,1636.7076416015625
257,1680.6527099609375
258,1630.7060546875
259,1685.5145263671875
260,1660.645751953125
261,1633.24609375
262,1625.697509765625
263,1729.7432861328125
264,1605.356201171875
265,1675.4896240234375
266,1674.25830078125
267,1684.34033203125
268,1613.231689453125
269,1593.90380859375
270,1675.8902587890625
271,1670.187255859375
272,1611.2249755859375
273,1647.5697021484375
274,1654.846923828125
275,1612.9798583984375
276,1548.4334716796875
277,1624.16455078125
278,1695.316162109375
279,1605.495849609375
280,1711.0301513671875
281,1587.466796875
282,1555.8140869140625
283,1587.4871826171875
284,1619.9176025390625
285,1502.2255859375
286,1557.6243896484375
287,1590.5743408203125
288,1557.61865234375
289,1543.3052978515625
290,1537.938232421875
291,1545.4697265625
292,1590.396484375
293,1549.0577392578125
294,1499.6988525390625
295,1572.098388671875
296,1492.8648681640625
297,1500.3153076171875
298,1496.205078125
299,1503.2415771484375
300,1444.4354248046875
301,1474.81494140625
302,1546.0421142578125
303,1558.056396484375
304,1399.995849609375
305,1448.5802001953125
306,1448.533935546875
307,1463.5513916015625
308,1390.3963623046875
309,1412.373291015625
310,1385.63330078125
311,1461.7969970703125
312,1339.73974609375
313,1367.231689453125
314,1373.90087890625
315,1375.588134765625
316,1332.527587890625
317,1355.9267578125
318,1331.784423828125
319,1338.275146484375
320,1353.33837890625
321,1305.5723876953125
322,1343.6488037109375
323,1291.4312744140625
324,1281.5343017578125
325,1318.5692138671875
326,1353.9429931640625
327,1260.6104736328125
328,1269.6058349609375
329,1258.253662109375
330,1336.9990234375
331,1237.3201904296875
332,1183.769287109375
333,1242.843505859375
334,1226.165283203125
335,1277.411376953125
336,1287.3778076171875
337,1266.647216796875
338,1286.69091796875
339,1214.9974365234375
340,1152.5819091796875
341,1243.8577880859375
342,1232.9315185546875
343,1231.5299072265625
344,1215.3966064453125
345,1257.9744873046875
346,1202.272705078125
347,1240.9561767578125
348,1167.74169921875
349,1173.89794921875
350,1180.7239990234375
351,1147.0057373046875
352,1217.2958984375
353,1102.7880859375
354,1196.0250244140625
355,1149.75830078125
356,1165.257080078125
357,1198.0609130859375
358,1167.3486328125
359,1205.21337890625
360,1112.1964111328125
361,1132.3443603515625
362,1235.2662353515625
363,1154.1260986328125
364,1119.59521484375
365,1130.7801513671875
366,1175.834716796875
367,1116.64453125
368,1152.360107421875
369,1123.46728515625
370,1098.799560546875
371,1128.2821044921875
372,1124.3612060546875
373,1132.861572265625
374,1068.5755615234375
375,1036.2908935546875
376,1109.142333984375
377,1096.35107421875
378,1109.82763671875
379,1140.340087890625
380,1143.3682861328125
381,1123.8387451171875
382,1109.1221923828125
383,1151.0262451171875
384,1135.9859619140625
385,1060.7423095703125
386,1031.8179931640625
387,1069.1434326171875
388,1142.7366943359375
389,1091.8040771484375
390,1051.4310302734375
391,1073.579345703125
392,1026.16943359375
393,1095.50341796875
394,1046.3037109375
395,1033.916015625
396,1033.98291015625
397,1040.1934814453125
398,1122.452880859375
399,1105.75390625
400,1083.0791015625
401,1085.75
402,1067.5611572265625
403,1047.2044677734375
404,1110.27490234375
405,1049.0701904296875
406,1025.0303955078125
407,1083.20458984375
408,1074.134521484375
409,1092.0186767578125
410,977.30859375
411,1064.439453125
412,1033.66357421875
413,1051.5836181640625
414,1053.0343017578125
415,1034.9443359375
416,1103.6759033203125
417,1065.7298583984375
418,1094.2532958984375
419,1075.883056640625
420,1037.8345947265625
421,1051.17626953125
422,1108.003173828125
423,1001.562255859375
424,1023.5865478515625
425,989.2117919921875
426,1010.6588745117188
427,1042.7547607421875
428,1026.7685546875
429,997.0877075195312
430,971.6343994140625
431,1050.310791015625
432,1017.425537109375
433,1000.057373046875
434,1049.78515625
435,1062.449951171875
436,976.9629516601562
437,1030.6527099609375
438,1038.739990234375
439,1009.3681640625
440,1064.3095703125
441,986.0628662109375
442,1006.7205200195312
443,998.812744140625
444,998.627197265625
445,1054.063720703125
446,1038.8397216796875
447,1063.0467529296875
448,1026.705810546875
449,1063.5087890625
450,1012.9255981445312
451,935.1854858398438
452,1070.2685546875
453,1072.178955078125
454,1024.574462890625
455,997.7529296875
456,990.3123779296875
457,1009.7025146484375
458,1022.1095581054688
459,1004.6045532226562
460,991.4376831054688
461,1037.15869140625
462,1049.3822021484375
463,1029.5191650390625
464,1008.5184326171875
465,991.8508911132812
466,1025.9356689453125
467,1017.990478515625
468,1051.890625
469,1041.4898681640625
470,1023.0291748046875
471,986.7837524414062
472,1053.4813232421875
473,1020.2650146484375
474,1027.1910400390625
475,989.686279296875
476,1062.7125244140625
477,1024.2845458984375
478,992.7369384765625
479,1010.3391723632812
480,1036.0128173828125
481,1017.1909790039062
482,987.65576171875
483,999.0195922851562
484,959.3726806640625
485,978.8785400390625
486,1006.8989868164062
487,1016.263916015625
488,1034.8909912109375
489,1002.0960693359375
490,996.7132568359375
491,995.912841796875
492,1054.4617919921875
493,1035.45068359375
494,998.8106689453125
495,985.5337524414062
496,997.36328125
497,1021.8988037109375
498,1008.3451538085938
499,1047.2003173828125
500,954.7802124023438
501,981.4476928710938
502,981.5515747070312
503,973.3892211914062
504,979.0439453125
505,995.2710571289062
506,1006.154296875
507,970.9531860351562
508,999.718017578125
509,1014.4019775390625
510,1017.3724365234375
511,981.3739013671875
512,982.1328735351562
513,974.7957763671875
514,1041.295654296875
515,942.0031127929688
516,1029.438232421875
517,1039.1424560546875
518,991.525146484375
519,1021.2772827148438
520,1089.974365234375
521,1012.0535278320312
522,985.1524047851562
523,964.7604370117188
524,944.9342041015625
525,980.7218627929688
526,993.8851318359375
527,991.2177734375
528,1027.822021484375
529,1030.461669921875
530,1015.4635620117188
531,975.68896484375
532,1009.9519653320312
533,1008.1087036132812
534,1021.5568237304688
535,1020.8567504882812
536,988.0678100585938
537,992.5855712890625
538,1069.7633056640625
539,1011.1083984375
540,981.3897094726562
541,964.2891845703125
542,1020.8692016601562
543,948.0304565429688
544,1009.3302612304688
545,966.8383178710938
546,944.7965087890625
547,1027.8861083984375
548,1011.2291259765625
549,995.2875366210938
550,989.9977416992188
551,971.7191162109375
552,966.6104125976562
553,949.210205078125
554,983.97998046875
555,992.3694458007812
556,995.608642578125
557,962.5689086914062
558,959.20703125
559,949.7162475585938
560,933.0331420898438
561,981.0869140625
562,961.349853515625
563,969.8633422851562
564,1007.409912109375
565,966.3275756835938
566,980.9828491210938
567,982.150634765625
568,993.6026000976562
569,974.6236572265625
570,945.5745239257812
571,927.4237060546875
572,1000.4827880859375
573,956.0823364257812
574,975.6796264648438
575,1013.0888671875
576,927.3526611328125
577,928.9713134765625
578,983.3902587890625
579,947.47314453125
580,982.3034057617188
581,1019.6629028320312
582,929.927001953125
583,967.167236328125
584,975.624755859375
585,974.857666015625
586,969.1586303710938
587,994.6215209960938
588,1024.2855224609375
589,939.7044677734375
590,936.3148193359375
591,934.9176635742188
592,972.10107421875
593,969.1707763671875
594,939.1170043945312
595,885.0618896484375
596,937.6815185546875
597,940.7587280273438
598,963.8995361328125
599,937.9231567382812
600,938.0234985351562
601,951.38720703125
602,953.20654296875
603,998.2933349609375
604,930.1567993164062
605,915.589599609375
606,921.1829833984375
607,952.301025390625
608,967.267578125
609,980.5823974609375
610,927.0672607421875
611,976.1659545898438
612,941.2344970703125
613,920.0376586914062
614,903.5844116210938
615,945.4315795898438
616,906.094482421875
617,928.943603515625
618,929.6901245117188
619,979.6871948242188
620,950.6911010742188
621,892.302734375
622,886.0702514648438
623,911.7799072265625
624,928.1588745117188
625,943.8163452148438
626,917.487060546875
627,936.7230224609375
628,895.9154663085938
629,893.4422607421875
630,957.5972290039062
631,882.5292358398438
632,902.2450561523438
633,917.8995971679688
634,941.15283203125
635,887.251220703125
636,905.8953857421875
637,942.1264038085938
638,907.1632690429688
639,886.5025634765625
640,933.069580078125
641,924.9017333984375
642,954.0970458984375
643,908.0821533203125
644,916.1817016601562
645,938.7034301757812
646,941.9871826171875
647,903.0550537109375
648,918.068359375
649,876.0025634765625
650,924.1340942382812
651,933.7852172851562
652,936.747314453125
653,907.7403564453125
654,897.1282348632812
655,910.3453369140625
656,928.2393798828125
657,884.9237060546875
658,900.6162109375
659,883.759033203125
660,891.0929565429688
661,846.3529663085938
662,880.8923950195312
663,884.038330078125
664,858.9039306640625
665,913.5360717773438
666,908.3056030273438
667,875.593505859375
668,866.5155029296875
669,902.814453125
670,831.476806640625
671,860.8749389648438
672,846.4182739257812
673,898.73193359375
674,882.3434448242188
675,885.6644897460938
676,875.423583984375
677,864.9609375
678,888.6510620117188
679,853.3169555664062
680,868.2297973632812
681,864.2120361328125
682,896.6844482421875
683,875.5162963867188
684,887.8135986328125
685,893.3175659179688
686,847.6778564453125
687,899.066650390625
688,835.5403442382812
689,871.1865234375
690,880.330322265625
691,903.3326416015625
692,848.4769897460938
693,883.9651489257812
694,862.0369873046875
695,904.723876953125
696,868.0257568359375
697,829.0297241210938
698,868.9073486328125
699,883.1585693359375
700,855.8342895507812
701,825.4491577148438
702,820.7799072265625
703,859.0633544921875
704,852.0912475585938
705,822.4042358398438
706,843.88037109375
707,852.1714477539062
708,837.0800170898438
709,798.9298706054688
710,831.0408325195312
711,812.10595703125
712,835.0474243164062
713,816.564697265625
714,820.8080444335938
715,812.853515625
716,821.4776000976562
717,823.9297485351562
718,827.4968872070312
719,825.57080078125
720,827.103759765625
721,855.8206787109375
722,819.5296020507812
723,802.996826171875
724,882.9220581054688
725,812.0509643554688
726,761.614990234375
727,813.8335571289062
728,831.24755859375
729,802.970703125
730,817.835693359375
731,790.7786254882812
732,801.0861206054688
733,841.7440185546875
734,835.33349609375
735,791.4237670898438
736,802.0637817382812
737,792.8623657226562
738,812.1851806640625
739,779.4201049804688
740,810.6129150390625
741,789.6653442382812
742,783.0687866210938
743,798.341064453125
744,776.2310791015625
745,793.0925903320312
746,776.6251220703125
747,795.8468627929688
748,790.0079956054688
749,767.6663818359375
750,763.7340698242188
751,770.2156982421875
752,814.1267700195312
753,817.6487426757812
754,783.0614624023438
755,746.8651733398438
756,786.7138061523438
757,799.5909423828125
758,733.3580322265625
759,776.144775390625
760,772.7381591796875
761,767.505126953125
762,773.344970703125
763,757.202392578125
764,770.7970581054688
765,782.3807373046875
766,810.4200439453125
767,748.5174560546875
768,786.0220336914062
769,772.5843505859375
770,756.808349609375
771,720.8850708007812
772,786.8494262695312
773,761.1992797851562
774,696.1787719726562
775,778.154052734375
776,719.453857421875
777,730.9154052734375
778,764.079833984375
779,756.6982421875
780,745.8038330078125
781,751.8212890625
782,716.2988891601562
783,740.7417602539062
784,737.5797119140625
785,713.1569213867188
786,728.917236328125
787,757.168212890625
788,706.41015625
789,741.3656616210938
790,716.8187255859375
791,749.26611328125
792,729.7769775390625
793,726.1299438476562
794,726.4633178710938
795,733.0808715820312
796,707.6137084960938
797,743.1785278320312
798,705.8107299804688
799,732.34033203125
800,703.1994018554688
801,698.390625
802,686.4378662109375
803,726.304443359375
804,695.3054809570312
805,726.9613037109375
806,674.1566162109375
807,684.9442749023438
808,720.0381469726562
809,679.9544677734375
810,727.8495483398438
811,696.7529296875
812,675.4574584960938
813,687.4820556640625
814,698.0071411132812
815,713.8197021484375
816,676.3062133789062
817,719.4667358398438
818,666.2032470703125
819,692.9606323242188
820,714.3345336914062
821,718.9588623046875
822,684.2469482421875
823,717.178466796875
824,714.6141967773438
825,660.99365234375
826,694.4542236328125
827,684.147216796875
828,666.0523681640625
829,640.31591796875
830,636.0498046875
831,605.1875
832,647.693603515625
833,647.9210205078125
834,636.5614624023438
835,665.81201171875
836,649.3262939453125
837,607.83837890625
838,639.0677490234375
839,643.5955810546875
840,606.6593627929688
841,590.9357299804688
842,616.7154541015625
843,629.7332763671875
844,634.7178955078125
845,629.7111206054688
846,583.2020263671875
847,595.0556030273438
848,596.4662475585938
849,568.7435302734375
850,593.6165771484375
851,573.0875854492188
852,590.5003051757812
853,548.8872680664062
854,564.091796875
855,554.2445678710938
856,521.1900634765625
857,549.1912231445312
858,526.8757934570312
859,510.868896484375
860,531.5708618164062
861,559.3299560546875
862,512.292724609375
863,507.3608703613281
864,503.0018005371094
865,493.1334228515625
866,496.1179504394531
867,506.51629638671875
868,473.9155578613281
869,488.0506286621094
870,458.1755676269531
871,493.0637512207031
872,482.7209777832031
873,471.0940246582031
874,463.2042236328125
875,456.84783935546875
876,436.86492919921875
877,454.4613952636719
878,433.1972961425781
879,449.5292053222656
880,448.7146911621094
881,445.44512939453125
882,441.4584655761719
883,418.82281494140625
884,416.01904296875
885,433.39056396484375
886,425.0291748046875
887,410.0140380859375
888,418.4335021972656
889,406.72998046875
890,399.7525939941406
891,378.1451110839844
892,381.333251953125
893,386.77459716796875
894,397.27996826171875
895,388.8239440917969
896,385.4769592285156
897,371.3081359863281
898,386.6462707519531
899,367.4750671386719
900,384.7910461425781
901,383.79876708984375
902,400.6696472167969
903,345.6798095703125
904,371.59765625
905,387.1468200683594
906,377.4825134277344
907,373.94580078125
908,346.9276123046875
909,351.9433288574219
910,338.0698547363281
911,323.7515869140625
912,342.6710510253906
913,361.9244384765625
914,327.7145690917969
915,324.4564514160156
916,327.1273498535156
917,331.5176086425781
918,339.87640380859375
919,314.7093200683594
920,307.01397705078125
921,326.8301086425781
922,300.8516845703125
923,318.47296142578125
924,337.39019775390625
925,329.76495361328125
926,321.8626403808594
927,307.9122619628906
928,300.1311950683594
929,310.2027893066406
930,304.91302490234375
931,293.92230224609375
932,288.9162292480469
933,325.08294677734375
934,294.11712646484375
935,285.42840576171875
936,270.04052734375
937,307.91986083984375
938,291.7336120605469
939,283.43048095703125
940,269.109130859375
941,261.1001892089844
942,281.4444274902344
943,268.5675048828125
944,278.87347412109375
945,244.68740844726562
946,259.177978515625
947,245.87881469726562
948,254.44081115722656
949,236.93350219726562
950,228.62521362304688
951,232.41036987304688
952,223.04603576660156
953,218.91598510742188
954,219.3719940185547
955,215.16629028320312
956,213.97283935546875
957,203.37820434570312
958,198.31640625
959,192.5894012451172
960,181.84556579589844
961,198.74391174316406
962,184.1932373046875
963,177.04330444335938
964,180.23147583007812
965,170.9442596435547
966,157.37451171875
967,165.17401123046875
968,166.8613739013672
969,145.50489807128906
970,140.04627990722656
971,127.31655883789062
972,143.8732452392578
973,130.1360626220703
974,124.30720520019531
975,117.94976806640625
976,124.90558624267578
977,121.89202880859375
978,119.29547119140625
979,107.4537124633789
980,114.36843872070312
981,119.20295715332031
982,117.57137298583984
983,103.14164733886719
984,107.92706298828125
985,95.89665985107422
986,95.31222534179688
987,97.27195739746094
988,96.89674377441406
989,88.03705596923828
990,86.50080871582031
991,84.68097686767578
992,88.55207824707031
993,87.28868103027344
994,86.24827575683594
995,88.53465270996094
996,77.43232727050781
997,76.42877197265625
998,74.25491333007812
999,75.43606567382812
